0	711.5122363670615	0.0
1	-71.96348152779981	0.041603250174610196
2	-18.151126203974595	118.76168205319931
3	-8.138490776705915	-0.17632926777355779
4	-4.377771342604612	-0.04164535244210056
5	-2.8838886203746252	2.540089441669048e-09
6	-1.8744285546235098	0.04170160058794759
7	-1.5999450727045235	0.1768060877740785
8	-1.2552510582929075	-0.1769855319490457
9	-0.7615175107047365	-0.04182872245910535
10	-0.721150078608417	2.027065012825211e-09
11	-0.4669477408403949	0.0419423354972035
12	-0.6301582787795267	0.17794844281789982
13	-0.5563201293532001	-0.17825139702321188
14	-0.23830420311316539	-0.04215691452200532
15	-0.32064298927771007	2.337095330802281e-09
16	-0.1515650846806001	0.04233014824097918
17	-0.38026187855277244	0.1797193525580008
18	-0.3536292730672132	-0.1801518657094991
19	-0.06871445499630537	-0.04263652568075966
20	-0.18046557419658607	7.853782356974591e-10
21	-0.031760745055910186	0.04287280757630762
22	-0.28152932146843	0.18215447017820058
23	-0.2692736146686022	-0.1827253965474251
24	0.007797720651839184	-0.043277239652553375
25	-0.11558351962063029	-1.2409204639957324e-09
26	0.02724876693995141	0.043581524755991655
27	-0.23375979885203718	0.18530454291016002
28	-0.22734651877751766	-0.18602601518083728
29	0.04974469784541844	-0.044092633320630376
30	-0.0803390212440335	1.3818953754836626e-08
31	0.06161486527836836	0.044471576291967116
32	-0.20812871134157282	0.1892379397195279
33	-0.20457191868588032	-0.19012612077246935
34	0.07620552597325231	-0.04510078656288395
35	-0.059087776943066155	-6.829465656749476e-11
36	0.08436503422657544	0.04556309928310817
37	-0.19387945330013065	0.19404483737377196
38	-0.19192612581868687	-0.19512080501385431
39	0.09493962930008969	-0.0463253638623914
40	-0.04529497501193031	4.568549991488434e-10
41	0.10116528928299194	0.04688240472371024
42	-0.1863002320752366	0.19984261193619177
43	-0.18535960679647256	-0.20113376369525518
44	0.10962914726056318	-0.04779713362098958
45	-0.03583876032005391	1.4116120473777335e-09
46	0.11484800183910186	0.048463674983076584
47	-0.18311067545014958	0.2067837820429082
48	-0.18288539123772676	-0.20832574670334086
49	0.12225420854418902	-0.049556114396543664
50	-0.02907485931116573	-4.16438975190615e-09
51	0.12701033888026378	0.05035134047605573
52	-0.18315493995180623	0.21506727093998287
53	-0.1834948516509606	-0.2169067320043288
54	0.13401540569779188	-0.05165464864709848
55	-0.024070424395269102	-6.670299072351438e-10
56	0.1386712329550793	0.052603904269935074
57	-0.18586667187541211	0.22495477554470483
58	-0.18670570216406673	-0.22715353103521538
59	0.14574434930215027	-0.05416186994445283
60	-0.020264222488304433	3.1489157177216707e-09
61	0.15057968290785342	0.05529898578808263
62	-0.19103490473127951	0.23679506983138396
63	-0.19236330293681042	-0.23943632762469022
64	0.15811350929994178	-0.057170600765144755
65	-0.017302189619271595	-2.8637225699355384e-09
66	0.1633829464292516	0.05854145958841888
67	-0.19870530639880754	0.25106097734887334
68	-0.20055982987294596	-0.25425876084222865
69	0.17176516565884395	-0.0608076249784693
70	-0.014951990968929877	1.905897190879784e-08
71	0.1777403509318169	0.06247584730898845
72	-0.20915546432850812	0.26840734216177353
73	-0.21162120741321003	-0.27232186208005976
74	0.1874150135659363	-0.06525027532072712
75	-0.013056059188760582	-2.6130335845252324e-09
76	0.194427290930048	0.06730658130979118
77	-0.2229259371580657	0.28976538056458784
78	-0.22614947204318944	-0.29462846683437405
79	0.20596661992013088	-0.07075385912534553
80	-0.011504460010440212	-3.823422885731518e-09
81	0.21446384103650465	0.07333176444716956
82	-0.24091459996196776	0.3165028204442968
83	-0.2451329923488635	-0.3226622735221811
84	0.2286752625590157	-0.07769895582805082
85	-0.010218623837341468	6.055990845753891e-10
86	0.23931415283523666	0.08100319977518074
87	-0.264571540291324	0.3507107009273034
88	-0.2701700626919465	-0.35871253389726165
89	0.25742659768933795	-0.08667844254894874
90	-0.009141168605522988	1.1172249086587659e-08
91	0.27124317769809764	0.09103921888585335
92	-0.29628840156272773	0.39575083690241286
93	-0.3039180076738592	-0.40650272138696925
94	0.295270303865525	-0.09866850571119253
95	-0.008229408276111901	1.9088347642249445e-09
96	0.3140295554540685	0.10465452779618528
97	-0.34021686299065085	0.4573899747497943
98	-0.3510526301892306	-0.47251812648358227
99	0.34755873675346366	-0.11539720040946509
100	-0.0074510570726810015	1.2468862126588766e-09
101	0.37456032651880605	0.12407689793412803
102	-0.40416388963760685	0.5464134116451292
103	-0.420544719410084	-0.5691438367924027
104	0.42470429516342273	-0.14023919540076885
105	-0.006781314757102378	-9.538908694388566e-10
106	0.4669359470463258	0.15388022350724945
107	-0.5046529743367721	0.6855945729075043
108	-0.5319608727674741	-0.7233402774180812
109	0.5500999204051469	-0.18078874303765124
110	-0.006200902647332504	4.4040559110998386e-08
111	0.6253654210168663	0.2051736485969397
112	-0.6836717265063337	0.9327485567313125
113	-0.7375231013540564	-1.0070078423241065
114	0.7896345750425532	-0.25844930778175984
115	-0.0056946285553934675	8.085350051328312e-10
116	0.9600384374109293	0.31375532579032284
117	-1.0882301398588243	1.490236309151933
118	-1.238716898231666	-1.6974857482360797
119	1.4287783252605608	-0.46597159887937195
120	-0.005250403210749902	-3.4509001146946313e-09
121	2.132028631015515	0.6944173217976066
122	-2.8455141330190634	3.9095113806813653
123	-4.252038557622056	-5.845533970390631
124	8.462188227189129	-2.7511344915063267
125	-0.004858509732007573	9.486832977912238
126	-8.418872965530026	-2.733902705801375
127	4.1892772419601325	-5.772534529901446
128	2.782738705510464	3.8365047346470873
129	-2.088724300013247	0.6771804053355618
130	-0.004511053548618663	1.2919106577399626e-09
131	-1.3854887013817991	-0.44872787459345914
132	1.175828206408263	-1.6244214067243317
133	1.0252988065867294	1.4171503227896072
134	-0.9167823894544064	0.29649625624735504
135	-0.004201579880588716	1.2555538144994343e-09
136	-0.7464089758186893	-0.2411765894858633
137	0.674362713467741	-0.9338061958872523
138	0.6204392068194279	0.859510710350337
139	-0.5821984459612463	0.1878752996729937
140	-0.003924765706971678	1.9290071145620184e-09
141	-0.5069813274733069	-0.16346983466930232
142	0.4683783259816251	-0.6499282089527948
143	0.4409671382866341	0.6121315700425458
144	-0.42390523046096235	0.13652521284954167
145	-0.0036761836809023393	-3.2036245862758175e-09
146	-0.3817433471353128	-0.12285660120061286
147	0.356379652665142	-0.49544720143312315
148	0.33986191055214393	0.47265084179754496
149	-0.3317228276356684	0.10664763807726582
150	-0.0034521441194606	-8.138601867819663e-09
151	-0.3048174478154158	-0.09793321617397428
152	0.2861304215814615	-0.39846133855413396
153	0.2751206426530267	0.3832519317291874
154	-0.27145624639329835	0.08713299403371814
155	-0.0032495331952944223	8.553619402033522e-10
156	-0.2528266633576313	-0.08110493233149327
157	0.23804430595800366	-0.33200836105006226
158	0.23019888060226512	0.32115951636191764
159	-0.22902439877902667	0.07340693347218016
160	-0.003065719974997237	1.891624827081988e-09
161	-0.2153805865398569	-0.06899655943389488
162	0.20312385272684313	-0.2837009312571187
163	0.19726134595025868	0.27558586477826674
164	-0.19756677607313808	0.06324110184778842
165	-0.0028984641045607545	8.813844625657847e-10
166	-0.18715687976671797	-0.0598794700581792
167	0.1766573473335329	-0.24705106400011323
168	0.17211824640040008	0.24076153030668787
169	-0.17334096029341553	0.055420151772629454
170	-0.002745850187588938	-3.844417630552272e-08
171	-0.16514700635452934	-0.05277673429677167
172	0.15593901097889887	-0.21833206549950482
173	0.15232643720970404	0.2133213746633217
174	-0.15413186047817262	0.04922489868089152
175	-0.0026062273290282582	-4.367223998726343e-09
176	-0.14752207524078104	-0.04709462167889969
177	0.13930446889690346	-0.1952510099629971
178	0.13636541505983346	0.191170523560403
179	-0.13854464684337653	0.04420263468980768
180	-0.002478186470718331	5.972528223005434e-10
181	-0.13310629077239755	-0.04245155282318625
182	0.12567394684154792	-0.1763198560675162
183	0.12323954473640504	0.17293680763057592
184	-0.12565727749148223	0.040054155654077
185	-0.002360485404238741	-2.3815779840624962e-09
186	-0.12110928845797128	-0.03859112158062889
187	0.11431641644715371	-0.1605308346536202
188	0.112269710153634	0.15768394753148743
189	-0.11483578232691254	0.036573847204088454
190	-0.002252065333684812	-1.640512294722033e-08
191	-0.11098020197010214	-0.03533462418723772
192	0.10471947233619695	-0.14717727997375635
193	0.10297689424627084	0.14475128400295798
194	-0.10562996285077382	0.03361572887905864
195	-0.002151984316504639	1.4695167012483207e-09
196	-0.1023233270443033	-0.03255384645693873
197	0.09651333821224142	-0.13574901848117213
198	0.09501361728470376	0.13365933437245991
199	-0.09771129597520245	0.031073345911637854
200	-0.002059420394238038	-2.017401138260442e-09
201	-0.0948470994204427	-0.030154286767871477
202	0.08942453387363913	-0.12586856352318493
203	0.088121742342212	0.1240518314857065
204	-0.09083443200161342	0.028867210183233093
205	-0.0019736598075955083	-5.793434709573108e-10
206	-0.08833197517817495	-0.02806482987549017
207	0.0832465141392333	-0.117250702716292
208	0.08210553891822596	0.115658389443375
209	-0.08481247938556544	0.026936803784886883
210	-0.0018940559536282956	-1.5648965532958507e-09
211	-0.08260948330749107	-0.026230979128073355
212	0.07782037340216308	-0.10967587726378958
213	0.07681394354809437	0.10827028092800381
214	-0.0795005549951932	0.025235225794638307
215	-0.0018200577200719716	-1.1612766450277149e-09
216	-0.07754820840055854	-0.02461017241652756
217	0.07302192391893414	-0.10297241110525447
218	0.07212851559010185	0.10172378403154947
219	-0.07478464050082971	0.023725662336410703
220	-0.001751157145354429	1.840125562484814e-10
221	-0.07304414583074657	-0.023168784542029575
222	0.06875270131863166	-0.09700414026790416
223	0.06795512528972773	0.09588868211189146
224	-0.07057377740519884	0.022378638196377934
225	-0.00168691697023967	1.4970211885478412e-09
226	-0.06901391092992736	-0.021879852161168133
227	0.06493367186484464	-0.0916616744982884
228	0.064218019078002	0.09066015703902675
229	-0.06679453494399902	0.021170442565206934
230	-0.0016269316462324398	-8.65713202959434e-09
231	-0.0653898829253076	-0.02072157759863685
232	0.06150065625963602	-0.08685618469707973
233	0.0608555762546368	0.08595286615191823
234	-0.0633869717761167	0.02008173044310676
235	-0.0015708572134259886	1.7146819097991746e-09
236	-0.0621166599862894	-0.019676027190383954
237	0.058401045082859815	-0.08251476832354797
238	0.0578171569278319	0.08169663774525285
239	-0.060301712177464044	0.019096543063588687
240	-0.001518361420551193	2.1431661024251256e-10
241	-0.0591484146828999	-0.018728415554177383
242	0.05559126831331029	-0.07857708658002807
243	0.0550607903106204	0.07783337613376787
244	-0.05749768641365294	0.01820165428586047
245	-0.0014691736470639758	2.6161916494468863e-10
246	-0.056446924292856665	-0.017866435866855705
247	0.053034992329434295	-0.07499265692614122
248	0.05255137818786797	0.07431431747258808
249	-0.05494049001289835	0.017385955241826966
250	-0.0014230249471536703	1.8976840762620676e-09
251	-0.05398006460728601	-0.01707970410342465
252	0.050701646985780974	-0.07171914988204264
253	0.05025937989283997	0.07109849325676253
254	-0.05260107665961963	0.01664009328427289
255	-0.0013796870350223274	2.623613832266135e-10
256	-0.05172063208731826	-0.016359475412687147
257	0.0485653487584014	-0.06872060726802813
258	0.04815973905804757	0.06815110321255118
259	-0.05045475259279443	0.015956111199159937
260	-0.0013389538683259757	2.1686946364751955e-10
261	-0.04964545544580053	-0.015698288099509704
262	0.04660404986898436	-0.06596637549850869
263	0.04623107326549561	0.06544249130797458
264	-0.048480410284835386	0.015327209139011616
265	-0.0013006235902673754	1.7154155335607683e-09
266	-0.04773467663997963	-0.015089741701768886
267	0.044798833946346164	-0.06343024059079524
268	0.04445505076667461	0.06294712242271532
269	-0.04665989251548229	0.014747558407393333
270	-0.0012645386760253999	-7.289924779233824e-09
271	-0.04597116535867709	-0.014528328466377862
272	0.043133413410184535	-0.06108947837306085
273	0.04281582641112512	0.060642999315882316
274	-0.0449774984535439	0.014212072286753346
275	-0.001230527881213921	1.4971744294070776e-09
276	-0.04434010295420345	-0.0140092825728702
277	0.04159366609431852	-0.05892448182179239
278	0.0412996897619455	0.0585110287925693
279	-0.04341959393486305	0.013716445612312202
280	-0.0011984589522057816	1.844504273986823e-10
281	-0.04282857037301917	-0.013528458538804418
282	0.040167309688864034	-0.056918099584092545
283	0.039894673433298465	0.05653456125030365
284	-0.04197427452887261	0.013256778457695748
285	-0.0011681924624627942	-1.1605470095729413e-09
286	-0.04142528651770792	-0.01308220566257087
287	0.03884359788720513	-0.055055499770318775
288	0.038590323416742595	0.0546990322626851
289	-0.040631105004914445	0.012829749402210718
290	-0.0011396164464531067	2.1253175474829016e-08
291	-0.04012034294234079	-0.012667403825860688
292	0.03761311021257016	-0.053323427130467754
293	0.03737744567425275	0.05299164178153775
294	-0.03938090859343362	0.0124324408051137
295	-0.0011126133600070085	-5.791161936418891e-10
296	-0.0389050127233428	-0.012281188954574349
297	0.03646753388325433	-0.05171035149835935
298	0.03624794868748555	0.05140109202398081
299	-0.03821557779991524	0.012062154568376794
300	-0.0010870949820487267	-2.0182507599598377e-09
301	-0.03777156680894502	-0.011921112110458765
302	0.03539953177633915	-0.050206025919249074
303	0.03519465149227102	0.0499173889766556
304	-0.03712792574023381	0.011716682781814744
305	-0.0010629590407329498	1.4693722796027574e-09
306	-0.036713164520321646	-0.011584964890125905
307	0.03440258669309522	-0.04880135925182132
308	0.03421120333608165	0.048531656744003795
309	-0.03611157238605767	0.01139395225557004
310	-0.0010401284619754947	1.377350228005909e-08
311	-0.03572369610244818	-0.011270809589947792
312	0.03347090039441968	-0.04748826391785223
313	0.03329192998945941	0.04723598338533135
314	-0.03516081776026827	0.011092126600837485
315	-0.0010185235692294313	-2.381423732083221e-09
316	-0.03479771922319647	-0.010976888104328618
317	0.032599299360272324	-0.04625950937012465
318	0.032431768088555135	0.046023299900893926
319	-0.03427056635478254	0.010809587060891078
320	-0.0009980663661248476	5.970186918381909e-10
321	-0.033930370143646124	-0.010701638662322885
322	0.03178315055521012	-0.04510862768047786
323	0.031626202409972264	0.044887290387698314
324	-0.033436259839380755	0.01054486796961628
325	-0.0009787031794859166	-4.368059183878516e-09
326	-0.033117257202040916	-0.010443695189484244
327	0.03101829991636547	-0.04402983175272709
328	0.03087114681418183	0.043822254239757
329	-0.032653780917868726	0.010296645374566139
330	-0.0009603618716455154	-1.0593459147678337e-09
331	-0.03235446694144261	-0.010201712111066403
332	0.030301012977532404	-0.04301788172116415
333	0.030162962523127345	0.04282308783655702
334	-0.03191944602387768	0.010063759408760366
335	-0.0009429974608461407	8.808852501332209e-10
336	-0.031638433892104904	-0.009974641057942152
337	0.02962792193874916	-0.04206806423191116
338	0.029498336759933953	0.04188516922727562
339	-0.031229910977147824	0.009845112981050569
340	-0.0009265527576695949	1.8914569811555223e-09
341	-0.030965959265111198	-0.00976142794369765
342	0.02899598576957959	-0.041176165629304054
343	0.028874291635004018	0.04100433957372593
344	-0.030582160017093622	0.009639762383301971
345	-0.0009109796580409567	8.525923138966614e-10
346	-0.03033413807771986	-0.00956114280948637
347	0.028402449361722645	-0.04033822087133892
348	0.02828812636498942	0.040176808823340016
349	-0.029973453984210578	0.009446825144647676
350	-0.0008962331835057711	-1.705895602466044e-08
351	-0.029740342275053528	-0.009372946983731785
352	0.02784481818371859	-0.03955084995788225
353	0.027737397043657724	0.03939915583246384
354	-0.029401313302448044	0.009265506875672569
355	-0.0008822738252513572	-3.2025625731949068e-09
356	-0.02918217399613934	-0.009196073568016896
357	0.02732082212269806	-0.038810834587491475
358	0.02721987281702994	0.03866827434607804
359	-0.028863468667575557	0.009095091695427007
360	-0.0008690606052013933	1.9286476613881715e-09
361	-0.02865747447272476	-0.009029829765204356
362	0.02682840584324843	-0.03811528992475953
363	0.026733546101514218	0.03798129567554009
364	-0.028357877311446414	0.00893492353297308
365	-0.0008565661138619593	1.2552239646733945e-09
366	-0.028164247082153808	-0.008873592973228492
367	0.02636569209471367	-0.03746161400937816
368	0.02627656311089236	0.03733567971288905
369	-0.027882659368145025	0.008784399297794693
370	-0.0008447524032185208	-1.57606028470723e-08
371	-0.02770069088502485	-0.008726764481785164
372	0.025930969709611142	-0.03684737135378336
373	0.025847247720972064	0.03672905802746869
374	-0.027436106975190205	0.008642995440483744
375	-0.000833590055783649	-2.5925756489504906e-09
376	-0.027265152168948793	-0.008588836549430254
377	0.02552267445122966	-0.036270382462470066
378	0.025444063393083822	0.03615928287100892
379	-0.02701665174863182	0.00851015197811779
380	-0.0008230519843529367	-3.4502163728549587e-09
381	-0.026856128104193838	-0.00845932498703065
382	0.0251393844155956	-0.03572866340612311
383	0.02506560781461321	0.03562437235244645
384	-0.02662286660199903	0.00838546904349891
385	-0.0008131067413163539	8.093076693625955e-10
386	-0.026472246908697344	-0.008337785304452155
387	0.024779794824800274	-0.035220350761103345
388	0.024710611212388434	0.03512255442562094
389	-0.02625345350435534	0.00826851916050217
390	-0.0008037354323916507	5.021509889423898e-09
391	-0.026112233697272447	-0.00822381667215037
392	0.024442707484781365	-0.03474380311174668
393	0.024377893679167713	0.03465216827898913
394	-0.025907204535847567	0.008158890776663085
395	-0.0007949173378526466	-9.43624911510061e-10
396	-0.025774943008741176	-0.00811705513256048
397	0.024127039214007096	-0.034297479526264024
398	0.02406638445811243	0.034211747822827675
399	-0.025583031104588965	0.008056312872492854
400	-0.0007866271269285747	1.2469249722603698e-09
401	-0.025459318235214596	-0.008017159090887453
402	0.023831787172446706	-0.03387997756997013
403	0.023775108941863778	0.03379982214953439
404	-0.025279930812665552	0.007960393452967765
405	-0.0007788540524198786	1.908340775912582e-09
406	-0.025164387033692354	-0.00792381730469848
407	0.023556045329711554	-0.033490020762941324
408	0.023503161361246427	0.03341522873255643
409	-0.02499699140657548	0.007870857468008512
410	-0.0007715700061315584	1.7439557953761885e-08
411	-0.02488926138394076	-0.007836770134868137
412	0.02329896641831308	-0.03312642098895798
413	0.023249720987269136	0.03305677191854443
414	-0.024733360460938984	0.007787424636287105
415	-0.0007647628342359896	6.049889017185505e-10
416	-0.02463314489998999	-0.007755733325642185
417	0.0230597970397581	-0.03278812168479914
418	0.02301404713464699	0.032723423491444976
419	-0.024488286070924497	0.007709900562992977
420	-0.0007584188601248966	-3.818645034594134e-09
421	-0.024395282149905204	-0.007680479453156049
422	0.022837832797461963	-0.0324741434661423
423	0.022795443794592852	0.03241417414868031
424	-0.024261055358636423	0.007638009927243907
425	-0.0007525195168943411	-2.6117157299877995e-09
426	-0.02417501144553149	-0.007610820700957232
427	0.02263243836918725	-0.03218356172872854
428	0.022593297724919987	0.032128185332890614
429	-0.024051031628622974	0.0075715739533382285
430	-0.0007470614425831135	1.2163144730605338e-08
431	-0.023971717554243734	-0.007546485093291341
432	0.022443046696422574	-0.03191560590541087
433	0.022407039628232598	0.03186466034785244
434	-0.023857649682716503	0.007510394201169923
435	-0.0007420252075455075	-2.8634136165903033e-09
436	-0.02378482599628542	-0.007487368819871624
437	0.022269115323898282	-0.03166950958618498
438	0.02223614541121415	0.03162284025988374
439	-0.02368035918529578	0.007454328992414125
440	-0.0007374044969933798	3.1493970670335466e-09
441	-0.023613852170978705	-0.00743329350161547
442	0.02211018624853499	-0.03144461384074035
443	0.022080159205360994	0.0314021322899629
444	-0.023518707086224118	0.007403200501726598
445	-0.0007331845675767023	-6.674500556979953e-10
446	-0.023458321174364104	-0.007384113288844792
447	0.02196581512821996	-0.03124032454700232
448	0.021938655507264065	0.031201888349171234
449	-0.023372248910453614	0.007356882456207642
450	-0.0007293621168055376	1.0273843485459524e-08
451	-0.023317829488334593	-0.0073396730675249
452	0.021835625597809553	-0.03105608082804151
453	0.021811254518263865	0.031021599057044155
454	-0.023240602937381727	0.007315271916985972
455	-0.0007259209600701977	1.411421282730385e-09
456	-0.023192018355429663	-0.0072998815011141764
457	0.0217192700665996	-0.03089141919716074
458	0.02169763587059147	0.030860797317232094
459	-0.023123432627966418	0.007278197108506222
460	-0.0007228680740097482	4.5253959499593997e-10
461	-0.023080549206780814	-0.007264635330115451
462	0.021616451972510897	-0.030745897257287706
463	0.0215974868055088	0.030719056675756976
464	-0.02302043545621235	0.007245624459566535
465	-0.0007201825294355606	-6.302856084130233e-11
466	-0.02298314426176031	-0.007233843412960556
467	0.02152689529499819	-0.030619148416590435
468	0.021510559151608065	0.03059601829880488
469	-0.022931342945342936	0.0072174554174899595
470	-0.0007178706016037935	-1.2183345954036857e-08
471	-0.022899559215626628	-0.007207403166174371
472	0.021450383727452244	-0.030510852678260078
473	0.021436629496689726	0.030491378980643243
474	-0.022855944840951395	0.0071936058709755725
475	-0.0007159212322319576	-1.2402666625438801e-09
476	-0.02282956909078177	-0.0071852742854281535
477	0.02138670954950408	-0.030420722732998538
478	0.021375499994331786	0.03040486628883885
479	-0.022794034649131073	0.00717403654465525
480	-0.000714327817517515	7.857480107217034e-10
481	-0.022773015712593127	-0.007167389675181386
482	0.021335715330688933	-0.030348531709242368
483	0.02132702996528116	0.030336245814471016
484	-0.022745465112128	0.0071586828277784105
485	-0.0007130972975055801	2.3365900656928174e-09
486	-0.022729749580301342	-0.007153723181079818
487	0.02129728059308848	-0.03029413739228712
488	0.021291087657238625	0.030285376219311058
489	-0.02271012246738008	0.0071475043339725985
490	-0.0007122141608056346	1.0066743284575834e-08
491	-0.022699659130916875	-0.007144195707772341
492	0.021271291458879342	-0.030257355456455616
493	0.021267586073402546	0.03025210437226367
494	-0.022687900578516263	0.007140510973965095
495	-0.0007116900219060102	2.539655737878174e-09
496	-0.022682682671523346	-0.007138831126324559
497	0.021257704069122203	-0.03023811759463853
498	0.021256467381074007	0.030236355191449727
499	-0.022678765766960037	0.0071375908301600025
500	-0.0007115124735384179	9.315008907636772e-14
501	-0.022678765769241743	-0.007137590829052707
502	0.02125646738246857	-0.030236355190161632
503	0.021257704070838355	0.030238117592977346
504	-0.02268268267134949	0.007138831126462207
505	-0.0007116900207632198	-2.539998953447229e-09
506	-0.02268790058008243	-0.0071405109751354594
507	0.021267586075961072	-0.030252104370957978
508	0.021271291457191446	0.03025735545716226
509	-0.02269965913236879	0.007144195706383479
510	-0.0007122141622561986	-1.0066312094541724e-08
511	-0.02271012246870206	-0.0071475043343210065
512	0.021291087657232616	-0.030285376224649233
513	0.021297280593646616	0.03029413739284078
514	-0.022729749580872684	0.007153723181218138
515	-0.0007130972965584414	-2.3378392834359395e-09
516	-0.02274546511357514	-0.007158682829844901
517	0.02132702996605113	-0.030336245814527468
518	0.02133571533005333	0.030348531707852226
519	-0.022773015711255246	0.0071673896757406055
520	-0.0007143278190137479	-7.853507669364009e-10
521	-0.022794034649660788	-0.007174036545035438
522	0.02137549999647109	-0.030404866290233493
523	0.021386709548762987	0.030420722735121763
524	-0.022829569088680213	0.00718527427983694
525	-0.0007159212330570316	1.241828730657387e-09
526	-0.02285594484107065	-0.00719360587077325
527	0.021436629497060357	-0.030491378976871614
528	0.021450383728633005	0.030510852678330896
529	-0.022899559214755883	0.007207403168286376
530	-0.0007178706023029829	1.2182399419290394e-08
531	-0.02293134294956661	-0.007217455413346446
532	0.02151055915218485	-0.030596018297292162
533	0.02152689529124609	0.030619148415765376
534	-0.022983144261081848	0.007233843414521177
535	-0.0007201825216328596	6.828603396049594e-11
536	-0.023020435456653422	-0.007245624460673234
537	0.021597486806550423	-0.03071905667568343
538	0.021616451971642456	0.03074589725287431
539	-0.023080549206371256	0.007264635329849568
540	-0.0007228680723453884	-4.577291124225158e-10
541	-0.023123432632559095	-0.007278197109729523
542	0.02169763586933223	-0.030860797315923914
543	0.021719270067613136	0.030891419181840275
544	-0.02319201835408257	0.007299881500296404
545	-0.0007259209610741275	-1.4106680544747026e-09
546	-0.023240602938492894	-0.007315271917137359
547	0.021811254524241326	-0.031021599056096933
548	0.021835625597727764	0.031056080825596986
549	-0.02331782948900272	0.007339673068866544
550	-0.0007293621154358631	-1.0274726754986882e-08
551	-0.023372248911376035	-0.007356882455349286
552	0.021938655506173462	-0.03120188835112438
553	0.02196581513067569	0.031240324546556415
554	-0.023458321174375282	0.007384113288568251
555	-0.0007331845694718783	6.65572181092323e-10
556	-0.02351870708544224	-0.00740320050117273
557	0.022080159204303305	-0.03140213228979073
558	0.022110186247797887	0.0314446138409517
559	-0.02361385217191635	0.007433293502295252
560	-0.0007374044987976673	-3.1487596681956595e-09
561	-0.02368035918321793	-0.007454328990642615
562	0.022236145410064505	-0.031622840257944214
563	0.022269115323507317	0.03166950958589679
564	-0.023784825996086174	0.007487368819134096
565	-0.0007420252078248013	2.8632350696434255e-09
566	-0.02385764968089907	-0.007510394200652848
567	0.02240703962880461	-0.03186466034854315
568	0.022443046697803427	0.031915605906001225
569	-0.02397171755736686	0.00754648509220551
570	-0.0007470614430114914	-1.216303030552093e-08
571	-0.024051031624541364	-0.007571573955099375
572	0.022593297725530086	-0.03212818533334196
573	0.022632438368628216	0.032183561729550496
574	-0.024175011446101423	0.007610820701215601
575	-0.000752519520410511	2.6112088218082725e-09
576	-0.0242610553586071	-0.00763800992917318
577	0.022795443793330355	-0.03241417414782659
578	0.022837832796745134	0.032474143464546364
579	-0.024395282150920142	0.007680479452784603
580	-0.0007584188604722163	3.8239831866664355e-09
581	-0.024488286074915502	-0.007709900568010183
582	0.02301404713437792	-0.0327234234867506
583	0.023059797039284673	0.032788121683659265
584	-0.0246331449001029	0.007755733332885288
585	-0.0007647628332620002	-6.05276424936293e-10
586	-0.02473336045862981	-0.00778742463479868
587	0.023249720985373007	-0.033056771915938664
588	0.023298966420311616	0.0331264209884927
589	-0.02488926138505097	0.00783677013332146
590	-0.0007715700068987738	-1.743926276288385e-08
591	-0.024996991410318088	-0.007870857468444306
592	0.0235031613595792	-0.03341522873202295
593	0.023556045328728688	0.0334900207634338
594	-0.025164387033385256	0.007923817303871327
595	-0.000778854055461777	-1.908670906605299e-09
596	-0.02527993081226571	-0.007960393451665836
597	0.023775108943717045	-0.03379982214894755
598	0.023831787176838565	0.03387997757541779
599	-0.025459318235274253	0.00801715909143402
600	-0.0007866271290844512	-1.2474387335868273e-09
601	-0.0255830310998822	-0.008056312867646218
602	0.024066384458130852	-0.03421174782454551
603	0.024127039214219433	0.03429747952582522
604	-0.025774943007205564	0.008117055134494134
605	-0.0007949173366593564	9.54797394727111e-10
606	-0.02590720453562501	-0.008158890775789308
607	0.024377893677930047	-0.03465216828030555
608	0.024442707481426133	0.03474380311437486
609	-0.026112233697415575	0.008223816671309737
610	-0.0008037354295916908	-5.020116453663554e-09
611	-0.026253453505472518	-0.008268519158636205
612	0.024710611213165198	-0.03512255442651522
613	0.024779794825292127	0.0352203507620639
614	-0.026472246908192516	0.008337785310312776
615	-0.0008131067402883256	-8.097216106718746e-10
616	-0.026622866602140475	-0.008385469040353935
617	0.025065607815661518	-0.03562437235289067
618	0.02513938441553937	0.03572866340636561
619	-0.02685612810489713	0.008459324994861663
620	-0.0008230519843218166	3.4505565024013945e-09
621	-0.02701665174420272	-0.008510151979699239
622	0.025444063396152686	-0.03615928287075069
623	0.02552267445098744	0.03627038246103905
624	-0.027265152170484235	0.008588836549924747
625	-0.0008335900547932007	2.5942862393630523e-09
626	-0.027436106976547633	-0.008642995440345726
627	0.02584724772343813	-0.036729058027060536
628	0.02593096970952486	0.03684737135600479
629	-0.0277006908854184	0.008726764482341222
630	-0.0008447524061002691	1.576724461374149e-08
631	-0.027882659367161094	-0.008784399299949446
632	0.02627656310993511	-0.03733567971317132
633	0.026365692095232936	0.037461614009797216
634	-0.02816424708217847	0.008873592972305902
635	-0.0008565661143646545	-1.2537276755357548e-09
636	-0.028357877309668638	-0.0089349235314432
637	0.026733546101485515	-0.037981295676216074
638	0.02682840584875083	0.038115289927229304
639	-0.028657474472604888	0.00902982976511313
640	-0.000869060605735377	-1.9293347736279736e-09
641	-0.028863468667647628	-0.009095091697451662
642	0.027219872814073648	-0.03866827434556444
643	0.027320822121440397	0.03881083458495092
644	-0.02918217399884128	0.009196073566285073
645	-0.0008822738252783766	3.203568581460327e-09
646	-0.029401313301451026	-0.00926550687844888
647	0.02773739704331046	-0.039399155832334526
648	0.02784481818210945	0.03955084995720648
649	-0.029740342273953765	0.00937294698371718
650	-0.0008962331855932285	1.706127632045649e-08
651	-0.029973453985225603	-0.009446825144689974
652	0.02828812636534955	-0.040176808823319005
653	0.028402449360814885	0.040338220870594056
654	-0.030334138077527745	0.00956114280817489
655	-0.0009109796636335177	-8.61789630290958e-10
656	-0.0305821600169569	-0.00963976238289949
657	0.02887429163501104	-0.04100433957367706
658	0.02899598576966986	0.04117616562970311
659	-0.03096595926502242	0.009761427944043789
660	-0.0009265527558098082	-1.8928540120093384e-09
661	-0.03122991097518954	-0.009845112980429067
662	0.02949833676372046	-0.04188516921712808
663	0.029627921938589766	0.04206806423302378
664	-0.03163843389326536	0.009974641057589103
665	-0.0009429974592004304	-8.810011357243517e-10
666	-0.03191944602278972	-0.010063759403774308
667	0.030162962522924393	-0.04282308783737619
668	0.030301012976737245	0.043017881719655725
669	-0.03235446694234961	0.010201712111973545
670	-0.0009603618707144985	1.0581327392411002e-09
671	-0.03265378091735384	-0.010296645375018839
672	0.030871146814798616	-0.04382225424203887
673	0.031018299918947168	0.04402983175382943
674	-0.03311725720445367	0.010443695190352572
675	-0.00097870317984287	4.367821739189369e-09
676	-0.03343625984143198	-0.010544867967516242
677	0.0316262024102499	-0.04488729038736695
678	0.031783150556103326	0.04510862767944146
679	-0.03393037014235824	0.010701638662853665
680	-0.0009980663660178934	-5.969938632239011e-10
681	-0.03427056635365219	-0.010809587060730479
682	0.03243176808854966	-0.04602329990008486
683	0.03259929936156507	0.04625950937128665
684	-0.03479771922235536	0.01097688810398242
685	-0.0010185235719243752	2.3928321433093593e-09
686	-0.03516081776062859	-0.01109212660134327
687	0.033291929992517594	-0.04723598338745021
688	0.033470900394849436	0.047488263921768185
689	-0.03572369610306679	0.0112708095895625
690	-0.0010401284625114445	-1.3776331450101408e-08
691	-0.036111572386321185	-0.011393952256418089
692	0.034211203339477636	-0.048531656736141494
693	0.03440258669371181	0.048801359252127245
694	-0.03671316452093736	0.011584964889133659
695	-0.0010629590416077934	-1.4713421099586386e-09
696	-0.03712792573966247	-0.011716682781836034
697	0.03519465148455797	-0.049917388982207545
698	0.03539953177411786	0.05020602591820857
699	-0.03777156680948841	0.011921112109023873
700	-0.0010870949803127178	2.0221958694851433e-09
701	-0.038215577801177	-0.012062154560728962
702	0.0362479486863811	-0.05140109202357603
703	0.03646753388288513	0.05171035149506905
704	-0.03890501272266636	0.012281188956121474
705	-0.0011126133606384249	5.795982170337908e-10
706	-0.039380908597044524	-0.012432440807448377
707	0.03737744567727294	-0.05299164178103697
708	0.03761311021198015	0.053323427132252944
709	-0.04012034294414701	0.01266740383349588
710	-0.0011396164455825183	-2.1253460442159996e-08
711	-0.04063110500586858	-0.012829749401631401
712	0.038590323419477	-0.05469903225675061
713	0.0388435978878122	0.05505549976971171
714	-0.041425286515374714	0.013082205664209671
715	-0.0011681924624441164	1.1614938111427472e-09
716	-0.041974274529094115	-0.01325677845925748
717	0.03989467343506573	-0.05653456124946318
718	0.04016730968921153	0.0569180995826713
719	-0.042828570372861155	0.01352845854031784
720	-0.0011984589563098756	-1.9564712132333162e-10
721	-0.04341959393481922	-0.01371644561013807
722	0.04129968976075102	-0.05851102879201218
723	0.041593666095760935	0.058924481819988106
724	-0.04434010295420389	0.014009282571912557
725	-0.0012305278811205749	-1.4978481723930313e-09
726	-0.04497749845311769	-0.014212072284182461
727	0.042815826411266675	-0.06064299931562723
728	0.043133413409686655	0.06108947837469032
729	-0.045971165358087505	0.014528328463048131
730	-0.001264538675938268	7.291530662549018e-09
731	-0.046659892523417304	-0.014747558418012452
732	0.04445505076551946	-0.06294712242327896
733	0.04479883394548584	0.06343024059121688
734	-0.04773467663999443	0.015089741699970722
735	-0.001300623584400485	-1.7186288730445518e-09
736	-0.04848041028419308	-0.015327209137699069
737	0.04623107326501675	-0.06544249130684555
738	0.046604049868578926	0.06596637549778651
739	-0.049645455446811315	0.01569828810121934
740	-0.0013389538645746993	-2.1391508324037838e-10
741	-0.05045475259383405	-0.015956111199154376
742	0.048159739064486555	-0.0681511032171448
743	0.048565348758803	0.06872060726889566
744	-0.051720632086621574	0.016359475413861395
745	-0.0013796870343531413	-2.625205222860772e-10
746	-0.05260107665818001	-0.016640093283581566
747	0.050259379891561644	-0.07109849325632331
748	0.0507016469843629	0.07171914988231215
749	-0.05398006460540673	0.017079704102504697
750	-0.0014230249486999183	-1.8980194872483213e-09
751	-0.054940490012467265	-0.017385955241498184
752	0.05255137818626571	-0.07431431747381086
753	0.053034992323787424	0.07499265692345525
754	-0.05644692429413999	0.01786643586699833
755	-0.0014691736379566895	-2.743770843828124e-10
756	-0.057497686415346416	-0.01820165428717914
757	0.055060790291943766	-0.07783337614561785
758	0.055591268307398814	0.07857708657443736
759	-0.05914841468263649	0.01872841555417154
760	-0.0015183614218932829	-2.0680668467321726e-10
761	-0.0603017121755777	-0.019096543062783106
762	0.057817156930293254	-0.08169663774339048
763	0.05840104508451693	0.08251476832251393
764	-0.062116659983573005	0.019676027190406592
765	-0.0015708572133550066	-1.7134375018979046e-09
766	-0.06338697177209607	-0.02008173044284707
767	0.06085557625396285	-0.08595286615276616
768	0.061500656258931086	0.08685618469789913
769	-0.06538988292381004	0.02072157759933295
770	-0.0016269316466545614	8.654289434124839e-09
771	-0.06679453494229423	-0.021170442566603123
772	0.06421801907611145	-0.09066015703760381
773	0.06493367186648541	0.09166167449772554
774	-0.06901391092942379	0.021879852160751886
775	-0.0016869169709683926	-1.4959162028652752e-09
776	-0.07057377740451673	-0.022378638195969948
777	0.06795512529015203	-0.09588868211002982
778	0.0687527013173926	0.09700414027236948
779	-0.07304414583184776	0.023168784541381784
780	-0.0017511571467573159	-1.8280769437540138e-10
781	-0.0747846405098031	-0.023725662340213585
782	0.0721285156118281	-0.10172378404116118
783	0.07302192391664816	0.10297241110730575
784	-0.07754820840250817	0.024610172423575907
785	-0.0018200577001410542	1.1479302537269223e-09
786	-0.07950055499230434	-0.025235225797035504
787	0.07681394354670791	-0.10827028092803981
788	0.07782037340273913	0.1096758772646741
789	-0.08260948330615206	0.026230979129319675
790	-0.0018940559456193543	1.5774286559252757e-09
791	-0.08481247938613176	-0.026936803784820433
792	0.08210553892050491	-0.11565838944267845
793	0.08324651413916843	0.11725070271563669
794	-0.0883319751796629	0.028064829874749973
795	-0.0019736598065274004	5.790227773849572e-10
796	-0.09083443199934102	-0.028867210183082154
797	0.08812174234166294	-0.12405183148506388
798	0.08942453387306393	0.12586856352498677
799	-0.09484709942274464	0.030154286767432203
800	-0.0020594203961393927	2.0178744547853415e-09
801	-0.09771129597385772	-0.031073345909962597
802	0.0950136172898762	-0.13365933436887442
803	0.09651333821554882	0.13574901848127957
804	-0.10232332704403992	0.032553846456449174
805	-0.0021519843174633213	-1.4702258334356378e-09
806	-0.10562996285027423	-0.033615728878350806
807	0.1029768942518793	-0.14475128400036558
808	0.10471947233669868	0.14717727997600186
809	-0.11098020196966764	0.03533462418715722
810	-0.0022520653335232578	1.6404423645366726e-08
811	-0.11483578232776466	-0.03657384720468923
812	0.11226971015406235	-0.15768394753185158
813	0.11431641644514481	0.160530834651845
814	-0.12110928845921977	0.03859112158005075
815	-0.002360485404572354	2.381969062824228e-09
816	-0.12565727749167702	-0.04005415565333097
817	0.12323954473607693	-0.1729368076315975
818	0.1256739468449998	0.1763198560682683
819	-0.13310629077174596	0.04245155282430337
820	-0.0024781864696191594	-5.98576153738187e-10
821	-0.1385446468428982	-0.044202634690724434
822	0.13636541506360586	-0.19117052355964903
823	0.13930446889560621	0.1952510099648507
824	-0.14752207524307528	0.04709462167934374
825	-0.002606227328192427	4.367292923408998e-09
826	-0.1541318604777549	-0.04922489868009105
827	0.1523264372111881	-0.21332137466172219
828	0.15593901097950003	0.21833206549992523
829	-0.16514700633339774	0.05277673429789817
830	-0.0027458501873442753	3.8441833091005786e-08
831	-0.1733409602934479	-0.05542015177215086
832	0.17211824640059503	-0.2407615303080361
833	0.17665734733479932	0.24705106400133955
834	-0.18715687976759865	0.05987947005696693
835	-0.00289846410423978	-8.830470809498316e-10
836	-0.19756677607029913	-0.06324110184610608
837	0.19726134594806333	-0.2755858647770226
838	0.20312385272908978	0.28370093125559953
839	-0.2153805865376036	0.06899655943311485
840	-0.003065719974931795	-1.889264367351059e-09
841	-0.22902439877519873	-0.07340693347234324
842	0.23019888060072208	-0.32115951636123446
843	0.23804430596337245	0.3320083610519833
844	-0.2528266633549855	0.08110493233242816
845	-0.003249533194656855	-8.54069054713548e-10
846	-0.271456246400038	-0.08713299403065057
847	0.2751206426537641	-0.38325193173637867
848	0.28613042158273444	0.3984613385535642
849	-0.3048174478162431	0.09793321617302687
850	-0.0034521441162433286	8.138025641744133e-09
851	-0.3317228276351913	-0.106647638077756
852	0.3398619105540034	-0.47265084179817035
853	0.35637965266633304	0.49544720143331983
854	-0.3817433471342453	0.12285660120032973
855	-0.0036761836797166883	3.2033800075730624e-09
856	-0.4239052304620295	-0.1365252128515875
857	0.44096713828791384	-0.6121315700418124
858	0.46837832598161094	0.6499282089551895
859	-0.5069813274749922	0.1634698346686632
860	-0.003924765707944993	-1.9307842142038086e-09
861	-0.5821984459615749	-0.18787529967198663
862	0.6204392068173753	-0.8595107103471635
863	0.6743627134677983	0.9338061958871872
864	-0.746408975817992	0.24117658948604978
865	-0.0042015798783190325	-1.2548417612986715e-09
866	-0.9167823894550281	-0.2964962562440148
867	1.025298806584688	-1.4171503227914886
868	1.175828206409508	1.6244214067253744
869	-1.3854887013800599	0.44872787459344804
870	-0.0045110535464064445	-1.292238316805918e-09
871	-2.088724300011939	-0.6771804053349043
872	2.782738705510786	-3.836504734648372
873	4.1892772419637465	5.77253452990655
874	-8.418872965527585	2.7339027058005807
875	-0.004858509729505894	-9.486832977909767
876	8.462188227184607	2.751134491508357
877	-4.252038557620372	5.845533970390462
878	-2.8455141330211116	-3.909511380680898
879	2.1320286310187706	-0.6944173217976999
880	-0.005250403211749338	3.4511043609424993e-09
881	1.4287783252652309	0.4659715988808275
882	-1.2387168982319554	1.697485748238548
883	-1.0882301398551173	-1.4902363091575754
884	0.9600384374091734	-0.3137553257904523
885	-0.005694628554390044	-8.100218009767718e-10
886	0.7896345750424958	0.2584493077811081
887	-0.7375231013554249	1.0070078423233708
888	-0.683671726504724	-0.932748556731239
889	0.6253654210184547	-0.20517364860158507
890	-0.006200902648127525	-4.4040642696921605e-08
891	0.5500999204068722	0.18078874303585105
892	-0.5319608727681072	0.7233402774172158
893	-0.5046529743365212	-0.6855945729046636
894	0.4669359470423092	-0.15388022350421993
895	-0.006781314755850444	9.529827712972085e-10
896	0.4247042951658282	0.14023919540620974
897	-0.4205447194078784	0.5691438367955275
898	-0.40416388963809835	-0.5464134116448836
899	0.3745603265197292	-0.12407689793568409
900	-0.007451057076357771	-1.2464182326008493e-09
901	0.3475587367537158	0.11539720041199492
902	-0.3510526301893729	0.47251812648323255
903	-0.34021686299126697	-0.4573899747508579
904	0.31402955546529815	-0.10465452780902262
905	-0.008229408275656167	-1.905591147313328e-09
906	0.29527030386341496	0.09866850570646801
907	-0.3039180076761929	0.4065027213858519
908	-0.2962884015624835	-0.39575083690117485
909	0.27124317769769596	-0.0910392188837186
910	-0.009141168605012372	-1.1171525854893133e-08
911	0.2574265976888985	0.08667844255110771
912	-0.27017006268928084	0.35871253389771846
913	-0.26457154029022	-0.35071070092798196
914	0.2393141528357611	-0.08100319977593815
915	-0.01021862383761318	-6.067213435586205e-10
916	0.2286752625403879	0.07769895583062895
917	-0.2451329923462337	0.3226622735212592
918	-0.24091459995964282	-0.3165028204415936
919	0.2144638410391828	-0.07333176444564221
920	-0.011504460014528676	3.823166594888312e-09
921	0.2059666199192846	0.07075385912520496
922	-0.2261494720425487	0.29462846683872485
923	-0.22292593715716838	-0.2897653805666015
924	0.19442729093239425	-0.06730658130825558
925	-0.013056059189036281	2.613918623512659e-09
926	0.18741501356593773	0.06525027532160378
927	-0.21162120741357965	0.2723218620787817
928	-0.20915546432698054	-0.26840734215888856
929	0.1777403509308381	-0.06247584730352158
930	-0.014951990968020487	-1.9037863823038053e-08
931	0.17176516566040634	0.06080762497703076
932	-0.2005598298728042	0.25425876084204296
933	-0.1987053063998587	-0.25106097734923544
934	0.16338294643004242	-0.05854145959157065
935	-0.017302189621359446	2.8639155253429714e-09
936	0.158113509300418	0.057170600764700145
937	-0.19236330293629492	0.23943632763073505
938	-0.1910349047320136	-0.23679506983159948
939	0.15057968290850005	-0.055298985788023114
940	-0.02026422249046424	-3.1476351341923405e-09
941	0.14574434929986269	0.05416186994179639
942	-0.18670570216180402	0.22715353103331667
943	-0.18586667187674394	-0.22495477554424734
944	0.13867123295535758	-0.05260390426823058
945	-0.024070424393847916	6.702382753787357e-10
946	0.13401540569830442	0.05165464864607686
947	-0.18349485165698498	0.21690673200791524
948	-0.18315493995183504	-0.21506727093977238
949	0.1270103388828313	-0.05035134047633328
950	-0.029074859314022875	4.168266442308821e-09
951	0.12225420854418435	0.04955611439716241
952	-0.18288539123699038	0.2083257467051832
953	-0.18311067545109452	-0.20678378204492107
954	0.114848001836725	-0.04846367498176227
955	-0.03583876031926378	-1.4110582906364019e-09
956	0.10962914725626773	0.04779713361885339
957	-0.1853596067971857	0.20113376369736868
958	-0.18630023206991037	-0.19984261193146738
959	0.10116528928498728	-0.046882404723461696
960	-0.04529497500944667	-4.576161759314986e-10
961	0.09493962929575901	0.046325363859855556
962	-0.19192612581533058	0.19512080501176798
963	-0.19387945329971626	-0.19404483737213188
964	0.08436503422572818	-0.04556309928314599
965	-0.059087776944224	6.954413411229346e-11
966	0.07620552597253043	0.045100786564357925
967	-0.20457191868478278	0.19012612077338778
968	-0.20812871134411062	-0.1892379397210104
969	0.06161486528051216	-0.04447157628887877
970	-0.08033902124186038	-1.3817541613355562e-08
971	0.04974469784578806	0.044092633318898525
972	-0.22734651877701284	0.18602601518198858
973	-0.23375979884836423	-0.18530454290954038
974	0.027248766941745755	-0.04358152475616696
975	-0.11558351961799795	1.2421781709341815e-09
976	0.007797720653138587	0.043277239652050443
977	-0.2692736146765977	0.18272539655967948
978	-0.2815293214668885	-0.18215447017685787
979	-0.03176074505556691	-0.04287280757455005
980	-0.1804655741945855	-7.839602943195042e-10
981	-0.06871445499280324	0.04263652567986641
982	-0.3536292730665595	0.18015186570805725
983	-0.38026187855161264	-0.17971935255727162
984	-0.15156508468480473	-0.04233014824567241
985	-0.32064298927731694	-2.337946679831743e-09
986	-0.23830420311284267	0.04215691452240916
987	-0.5563201293516815	0.17825139702255177
988	-0.6301582787766733	-0.17794844281823893
989	-0.46694774083574686	-0.04194233549676463
990	-0.7211500786106189	-2.0284138013163355e-09
991	-0.7615175107028269	0.04182872246243133
992	-1.2552510582870668	0.17698553194697433
993	-1.5999450727040427	-0.17680608777402995
994	-1.8744285546217139	-0.04170160059103823
995	-2.883888620376375	-2.548041533893293e-09
996	-4.377771342592244	0.041645352440897565
997	-8.138490776709093	0.17632926777637883
998	-18.15112620397775	-118.76168205319604
999	-71.96348152775529	-0.04160325015124071
